_viz_0 = nengo_viz.Slider(stimulus_B)
_viz_config[_viz_0].x = 244.802
_viz_config[_viz_0].y = 96.2391
_viz_config[_viz_0].width = 200
_viz_config[_viz_0].height = 200
_viz_config[_viz_0].label_visible = True
_viz_config[_viz_0].min_value = -1
_viz_config[_viz_0].max_value = 1
_viz_net_graph = nengo_viz.NetGraph()
_viz_sim_control = nengo_viz.SimControl()
_viz_config[ens].pos=(0.48113207547169806, 0.49999999999999994)
_viz_config[ens].size=(0.09433962264150943, 0.10869565217391303)
_viz_config[model].pos=(-0.07149404216315315, 0.10199556541019958)
_viz_config[model].size=(1.0, 1.0)
_viz_config[model].expanded=True
_viz_config[model].has_layout=True
_viz_config[result].pos=(0.8584905660377359, 0.49999999999999994)
_viz_config[result].size=(0.09433962264150943, 0.10869565217391303)
_viz_config[stimulus_A].pos=(0.12264150943396226, 0.8043478260869565)
_viz_config[stimulus_A].size=(0.07547169811320754, 0.08695652173913043)
_viz_config[stimulus_B].pos=(0.12264150943396226, 0.19565217391304346)
_viz_config[stimulus_B].size=(0.07547169811320754, 0.08695652173913043)